 FHNDLR:   Program: SHAPE, Version: LV  12 Oct 1999                  TM: 14:34
                                                                     03-Dec-21

           FOR001: ../../kstr/lat_bcc/smx/lat_bcc.tfh                          
           FOR002: shp/lat_bcc.shp                                             
           FOR006: prn/lat_bcc.prn                                             
 
       EMTO versio: not available
 current branch on: not available
   commit hash key: not available
        compile on: Thu Apr  9 21:06:12 KST 2020
           OS info: Linux 3.10.0-957.el7.x86_64 x86_64 GNU/Linux
          CPU-info: Intel(R) Xeon(R) CPU E5-2630 v4 @ 2.20GHz
     compiler-info: ifort (IFORT) 18.0.5 20180823
   BLAS and LAPACK: mkl

 INPUT     NSR =  129 LMAX=   30 NFI =   11 IVEF=    3

 TRNSFM:  Slope matrices, lat_bcc   , (kappa*w)^2=   0.0            03-Dec-21  

           Site number :   1

 BLATTS:   Si  =  0.433013 WSA =  0.492373 Sc  =  0.559017

           NSC =   24 NVN =   14

        1  0.50000000  0.50000000 -0.50000000  0.86602540   6

           0.50000000  0.00000000 -0.25000000  0.55901699
           0.25000000  0.00000000 -0.50000000  0.55901699
           0.00000000  0.25000000 -0.50000000  0.55901699
           0.00000000  0.50000000 -0.25000000  0.55901699
           0.25000000  0.50000000  0.00000000  0.55901699
           0.50000000  0.25000000  0.00000000  0.55901699

        2  0.50000000 -0.50000000 -0.50000000  0.86602540   6

           0.50000000  0.00000000 -0.25000000  0.55901699
           0.50000000 -0.25000000  0.00000000  0.55901699
           0.25000000 -0.50000000  0.00000000  0.55901699
           0.00000000 -0.50000000 -0.25000000  0.55901699
           0.00000000 -0.25000000 -0.50000000  0.55901699
           0.25000000  0.00000000 -0.50000000  0.55901699

        3 -0.50000000  0.50000000 -0.50000000  0.86602540   6

           0.00000000  0.50000000 -0.25000000  0.55901699
           0.00000000  0.25000000 -0.50000000  0.55901699
          -0.25000000  0.00000000 -0.50000000  0.55901699
          -0.50000000  0.00000000 -0.25000000  0.55901699
          -0.50000000  0.25000000  0.00000000  0.55901699
          -0.25000000  0.50000000  0.00000000  0.55901699

        4  0.50000000  0.50000000  0.50000000  0.86602540   6

           0.50000000  0.25000000  0.00000000  0.55901699
           0.25000000  0.50000000  0.00000000  0.55901699
           0.00000000  0.50000000  0.25000000  0.55901699
           0.00000000  0.25000000  0.50000000  0.55901699
           0.25000000  0.00000000  0.50000000  0.55901699
           0.50000000  0.00000000  0.25000000  0.55901699

        5 -0.50000000 -0.50000000 -0.50000000  0.86602540   6

           0.00000000 -0.50000000 -0.25000000  0.55901699
          -0.25000000 -0.50000000  0.00000000  0.55901699
          -0.50000000 -0.25000000  0.00000000  0.55901699
          -0.50000000  0.00000000 -0.25000000  0.55901699
          -0.25000000  0.00000000 -0.50000000  0.55901699
           0.00000000 -0.25000000 -0.50000000  0.55901699

        6  0.50000000 -0.50000000  0.50000000  0.86602540   6

           0.50000000 -0.25000000  0.00000000  0.55901699
           0.50000000  0.00000000  0.25000000  0.55901699
           0.25000000  0.00000000  0.50000000  0.55901699
           0.00000000 -0.25000000  0.50000000  0.55901699
           0.00000000 -0.50000000  0.25000000  0.55901699
           0.25000000 -0.50000000  0.00000000  0.55901699

        7 -0.50000000 -0.50000000  0.50000000  0.86602540   6

          -0.50000000 -0.25000000  0.00000000  0.55901699
          -0.25000000 -0.50000000  0.00000000  0.55901699
           0.00000000 -0.50000000  0.25000000  0.55901699
           0.00000000 -0.25000000  0.50000000  0.55901699
          -0.25000000  0.00000000  0.50000000  0.55901699
          -0.50000000  0.00000000  0.25000000  0.55901699

        8 -0.50000000  0.50000000  0.50000000  0.86602540   6

          -0.50000000  0.25000000  0.00000000  0.55901699
          -0.50000000  0.00000000  0.25000000  0.55901699
          -0.25000000  0.00000000  0.50000000  0.55901699
           0.00000000  0.25000000  0.50000000  0.55901699
           0.00000000  0.50000000  0.25000000  0.55901699
          -0.25000000  0.50000000  0.00000000  0.55901699

        9 -1.00000000  0.00000000  0.00000000  1.00000000   4

          -0.50000000  0.00000000 -0.25000000  0.55901699
          -0.50000000 -0.25000000  0.00000000  0.55901699
          -0.50000000  0.00000000  0.25000000  0.55901699
          -0.50000000  0.25000000  0.00000000  0.55901699

       10  1.00000000  0.00000000  0.00000000  1.00000000   4

           0.50000000  0.00000000 -0.25000000  0.55901699
           0.50000000  0.25000000  0.00000000  0.55901699
           0.50000000  0.00000000  0.25000000  0.55901699
           0.50000000 -0.25000000  0.00000000  0.55901699

       11  0.00000000  1.00000000  0.00000000  1.00000000   4

           0.00000000  0.50000000 -0.25000000  0.55901699
          -0.25000000  0.50000000  0.00000000  0.55901699
           0.00000000  0.50000000  0.25000000  0.55901699
           0.25000000  0.50000000  0.00000000  0.55901699

       12  0.00000000 -1.00000000  0.00000000  1.00000000   4

           0.00000000 -0.50000000 -0.25000000  0.55901699
           0.25000000 -0.50000000  0.00000000  0.55901699
           0.00000000 -0.50000000  0.25000000  0.55901699
          -0.25000000 -0.50000000  0.00000000  0.55901699

       13  0.00000000  0.00000000 -1.00000000  1.00000000   4

           0.25000000  0.00000000 -0.50000000  0.55901699
           0.00000000 -0.25000000 -0.50000000  0.55901699
          -0.25000000  0.00000000 -0.50000000  0.55901699
           0.00000000  0.25000000 -0.50000000  0.55901699

       14  0.00000000  0.00000000  1.00000000  1.00000000   4

           0.25000000  0.00000000  0.50000000  0.55901699
           0.00000000  0.25000000  0.50000000  0.55901699
          -0.25000000  0.00000000  0.50000000  0.55901699
           0.00000000 -0.25000000  0.50000000  0.55901699

           V(tetra) =  0.50000000  V(atom)  =  0.50000000

 RSORT:    Faces, edges, and vertexes as break points

 RMESH:    NINT  =           4
           RINT( 1)=  0.43301270
           RINT( 2)=  0.50000000
           RINT( 3)=  0.53033009
           RINT( 4)=  0.55901699
           NSRI( 1)=          71 DSRI( 1)=  0.00095696
           NSRI( 2)=          33 DSRI( 2)=  0.00094782
           NSRI( 3)=          33 DSRI( 3)=  0.00089647
 SETROT:   Number of non equivalent tetrahedra :  2

 UPDATE:   Test convergence and store.

            l     d(l)      D(l)     %
 
            0  0.654701  0.654701  34.5
            1  0.000000  0.654701  34.5
            2  0.000000  0.654701  34.5
            3  0.000000  0.654701  34.5
            4  0.125570  0.780271  22.0
            5  0.000000  0.780271  22.0
            6  0.060110  0.840381  16.0
            7  0.000000  0.840381  16.0
            8  0.004243  0.844624  15.5
            9  0.000000  0.844624  15.5
           10  0.050372  0.894996  10.5
           11  0.000000  0.894996  10.5
           12  0.009529  0.904526   9.5
           13  0.000000  0.904526   9.5
           14  0.010118  0.914644   8.5
           15  0.000000  0.914644   8.5
           16  0.012655  0.927298   7.3
           17  0.000000  0.927298   7.3
           18  0.002730  0.930029   7.0
           19  0.000000  0.930029   7.0
           20  0.010446  0.940475   6.0
           21  0.000000  0.940475   6.0
           22  0.004195  0.944670   5.5
           23  0.000000  0.944670   5.5
           24  0.003456  0.948125   5.2
           25  0.000000  0.948125   5.2
           26  0.004628  0.952753   4.7
           27  0.000000  0.952753   4.7
           28  0.002230  0.954982   4.5
           29  0.000000  0.954982   4.5
           30  0.003631  0.958613   4.1

           Number of non-vanishing shape functions :  71

           Sigma(0,1)  =  3.544908
           Sigma(0,NSR)= -0.000000

                     Volume
           Inscribed     0.3400873808
           Integrated    0.1599126825
           Summed        0.5000000633
           Exact         0.5000000000

           Error :   0.000000 %
